-2.021848484020443721e+03
-2.021993382768447418e+03
-2.022134861556220585e+03
-2.022268907437872940e+03
-2.022396088728558652e+03
-2.022516868383466090e+03
-2.022632496647761627e+03
-2.022743110406061305e+03
-2.022848993787890095e+03
-2.022949134528749482e+03
-2.023045403354975406e+03
-2.023139006628241532e+03
-2.023226618032908846e+03
-2.023311899544022708e+03
-2.023393104666589579e+03
-2.023469702280669026e+03
-2.023544977950924249e+03
-2.023617851763988028e+03
-2.023686551506230444e+03
-2.023753193037180836e+03
-2.023816746787963439e+03
-2.023877631255774759e+03
-2.023938037663672958e+03
-2.023997087455906467e+03
-2.024052217352559182e+03
-2.024106891281686558e+03
-2.024158912241709686e+03
-2.024210801104419716e+03
-2.024259653132801532e+03
-2.024308238766372369e+03
-2.024355509862256895e+03
-2.024401846455810983e+03
-2.024446162267763839e+03
-2.024489506149239560e+03
-2.024532569472296245e+03
-2.024573764770486605e+03
-2.024614703162735395e+03
-2.024655185237268370e+03
-2.024694205398320264e+03
-2.024734458961525206e+03
-2.024772333926829788e+03
-2.024809414579096256e+03
-2.024846255288685143e+03
-2.024883275950118559e+03
-2.024918191285248668e+03
-2.024952510477811302e+03
-2.024986640031049319e+03
-2.025022125446775362e+03
-2.025054360445312113e+03
-2.025087522363305879e+03
-2.025120916100203658e+03
-2.025153697675841840e+03
-2.025186332123826560e+03
-2.025219059778421069e+03
-2.025251325360902229e+03
-2.025285259837677359e+03
-2.025317321075387099e+03
-2.025350005467709025e+03
-2.025382839323516237e+03
-2.025416020681712780e+03
-2.025447506176834622e+03
-2.025481275423223906e+03
-2.025515733332615355e+03
-2.025548969796158417e+03
-2.025579703743008395e+03
-2.025611772209495712e+03
-2.025645844657483394e+03
-2.025678110407494160e+03
-2.025709846493404257e+03
-2.025741464475213206e+03
-2.025776247016888874e+03
-2.025811578528602695e+03
-2.025845231626135728e+03
-2.025880963759976339e+03
-2.025912905906130845e+03
-2.025949482638872723e+03
-2.025984261785322587e+03
-2.026020821966553513e+03
-2.026057903506593220e+03
-2.026095134807656677e+03
-2.026134246713873836e+03
-2.026174734023221617e+03
-2.026214025079023941e+03
-2.026253930242949764e+03
-2.026294712948416645e+03
-2.026335136426454937e+03
-2.026377443454002560e+03
-2.026418758235018686e+03
-2.026462551359272766e+03
-2.026505547662979552e+03
-2.026550880908100680e+03
-2.026594891098129210e+03
-2.026640170550645507e+03
-2.026687513435867231e+03
-2.026737743928558075e+03
-2.026787952374500719e+03
-2.026839643562473839e+03
-2.026888732820959376e+03
-2.026941283236234995e+03
-2.026992734566065110e+03
-2.027046848406265326e+03
-2.027100792647000617e+03
-2.027157633124554650e+03
-2.027216450222033700e+03
-2.027277297914322844e+03
-2.027341213423514318e+03
-2.027403723674151024e+03
-2.027466145994171711e+03
-2.027533095955944418e+03
-2.027598676593278014e+03
-2.027670291184867665e+03
-2.027742660794924404e+03
-2.027815248681741423e+03
-2.027890390439189559e+03
-2.027967957909899951e+03
-2.028049462139379784e+03
-2.028134322199873850e+03
-2.028226259851358918e+03
-2.028308769933635176e+03
-2.028396778583521382e+03
-2.028486594296954763e+03
-2.028577297032507886e+03
-2.028674749419398722e+03
-2.028772753575386332e+03
-2.028871426142302198e+03
-2.028974738592568201e+03
-2.029077659657275035e+03
-2.029188132323414948e+03
-2.029295915553992245e+03
-2.029409416043609326e+03
-2.029530912002272544e+03
-2.029655308440011368e+03
-2.029779078506195447e+03
-2.029912806124505323e+03
-2.030039344448388874e+03
-2.030187379124208974e+03
-2.030327408908304733e+03
-2.030462720146278571e+03
-2.030611007610984188e+03
-2.030758541139435465e+03
-2.030910478491295635e+03
-2.031067837894754120e+03
-2.031229624522000677e+03
-2.031392721760944369e+03
-2.031554880409925090e+03
-2.031727270771263647e+03
-2.031899582646224871e+03
-2.032078930265480267e+03
-2.032257229963833424e+03
-2.032447285835431330e+03
-2.032631356042526932e+03
-2.032827066150686960e+03
-2.033022545547492882e+03
-2.033226746198505680e+03
-2.033432297664463704e+03
-2.033637586173982754e+03
-2.033846276422357960e+03
-2.034055905254686195e+03
-2.034263731497464278e+03
-2.034483413202994143e+03
-2.034703840381869668e+03
-2.034923204240602445e+03
-2.035147992370847760e+03
-2.035373531905269829e+03
-2.035600424298792404e+03
-2.035831655931653586e+03
-2.036053467275674620e+03
-2.036281796612833432e+03
-2.036514359422637199e+03
-2.036739120989697540e+03
-2.036973460183184216e+03
-2.037213660479430246e+03
-2.037454391146124181e+03
-2.037698604821326853e+03
-2.037946396316827077e+03
-2.038192120096033250e+03
-2.038456660628785585e+03
-2.038707226125263105e+03
-2.038954949000911711e+03
-2.039216093527863450e+03
-2.039481083455345924e+03
-2.039744424051626766e+03
-2.040022187071320104e+03
-2.040282765583096079e+03
-2.040558655023684651e+03
-2.040843812877117671e+03
-2.041143024193251676e+03
-2.041420073367457917e+03
-2.041702497421613771e+03
-2.041979341775123657e+03
-2.042270750824550987e+03
-2.042554846996751621e+03
-2.042833674826184733e+03
-2.043098306813282989e+03
-2.043385656832463837e+03
-2.043711147792015709e+03
-2.044015891629928092e+03
-2.044307097590272861e+03
-2.044615536599243796e+03
-2.044908832959293250e+03
-2.045208468573688606e+03
-2.045512834153387757e+03
-2.045817378025867129e+03
-2.046118142933247555e+03
-2.046437544482175554e+03
-2.046743153486023402e+03
-2.047054714355108672e+03
-2.047369840773944361e+03
-2.047690614931285381e+03
-2.048003686300045047e+03
-2.048309887623750456e+03
-2.048641531221732748e+03
-2.048944614408261714e+03
-2.049277498077052769e+03
-2.049596927046742167e+03
-2.049954083455537329e+03
-2.050294430676521642e+03
-2.050591035410241602e+03
-2.050899836204895564e+03
-2.051251524058680843e+03
-2.051661833416415902e+03
-2.052069672378729138e+03
-2.052422918035157181e+03
-2.052826118711318941e+03
-2.053290436050429889e+03
-2.053645424924777217e+03
-2.054015884389826169e+03
-2.054401358292936948e+03
-2.054777936930891883e+03
-2.055221402332275829e+03
-2.055655943563508572e+03
-2.056228175710319647e+03
-2.056689869024505697e+03
-2.057041843063474516e+03
-2.057552418880996811e+03
-2.058006799338326346e+03
-2.058427452994355917e+03
-2.058927489191277800e+03
-2.059271669475861017e+03
-2.059802960853514378e+03
-2.060354987218563110e+03
-2.060951189266089841e+03
-2.061409205410323466e+03
-2.062021642652798619e+03
-2.062363703148588229e+03
-2.062836504096695080e+03
-2.063317728539763721e+03
-2.063936366379758056e+03
-2.064478158809531124e+03
-2.064976152647576328e+03
-2.065226672383807454e+03
-2.066103196381964608e+03
-2.066175257636327387e+03
-2.066432270633469670e+03
-2.067173987485350608e+03
-2.067098640384566806e+03
-2.067799297445166758e+03
-2.068314625555502971e+03
-2.068850094983527470e+03
-2.068949781362558497e+03
-2.069419843114976175e+03
-2.069930917752746609e+03
-2.070303705443334820e+03
-2.071000197710985958e+03
-2.070530241815629324e+03
-2.071362886411633099e+03
-2.069737897836989760e+03
-2.071931173430089075e+03
-2.072302662964588308e+03
-2.072535561698563015e+03
-2.072729083064082261e+03
-2.073330720619979729e+03
-2.073559465186381203e+03
-2.073678970525483237e+03
-2.074313119533779627e+03
-2.073826250244276707e+03
-2.074446206863268344e+03
-2.074718180935431974e+03
-2.074897803924553500e+03
-2.074880454098811697e+03
-2.075276101872715572e+03
-2.075368799047389984e+03
-2.075583974659289652e+03
-2.076069997568780764e+03
-2.076420424037909925e+03
-2.076755586168904301e+03
-2.076527990626582778e+03
-2.076555283280632466e+03
-2.076988549982765562e+03
-2.077249065255496134e+03
-2.077265976458507339e+03
-2.077272588338409605e+03
-2.077579078085309902e+03
-2.078143051026216199e+03
-2.077769348486662693e+03
-2.078121330814925841e+03
-2.078406816819352116e+03
-2.078656448150925826e+03
-2.079563416420352496e+03
-2.079109724933236521e+03
-2.078483056328517250e+03
-2.078055137786761861e+03
-2.078678854714885802e+03
-2.078965922713442069e+03
-2.078984831276005025e+03
-2.079656010621584301e+03
-2.080039251807921119e+03
-2.080182046549947700e+03
-2.080160651641749155e+03
-2.080369130136491094e+03
-2.080668417882381618e+03
-2.080835551976852003e+03
-2.080705561970790313e+03
-2.080932447796172710e+03
-2.081323525603509552e+03
-2.081428494993701861e+03
-2.081528824783862092e+03
-2.081431146714685383e+03
-2.081915078082444779e+03
-2.082093650416307810e+03
-2.082060690420853916e+03
-2.082438667085097677e+03
-2.082615018403137128e+03
-2.083100757734736817e+03
-2.083060443405574006e+03
-2.082877782368789667e+03
-2.083686252356143086e+03
-2.084068989855638392e+03
-2.084152674217486037e+03
-2.083724579550733324e+03
-2.084211909751059466e+03
-2.084613601294406635e+03
-2.084951053208832036e+03
-2.085436951347373451e+03
-2.085215808114243373e+03
-2.085566777439743419e+03
-2.085912600462024329e+03
-2.086240352241932214e+03
-2.086045211149244096e+03
-2.086463616240561805e+03
-2.086613726490702447e+03
-2.087290486135297215e+03
-2.087292205186701722e+03
-2.087989175050248832e+03
-2.088418345472975489e+03
-2.087908762653967187e+03
-2.088599021877021642e+03
-2.088840879416051393e+03
-2.089000464451679818e+03
-2.089351109442983216e+03
-2.089867063582988521e+03
-2.089506124360284957e+03
-2.091505948356546014e+03
-2.089835278001891766e+03
-2.090253123367518583e+03
-2.090776358725422142e+03
-2.089903992789291351e+03
-2.091293159389237644e+03
-2.091682815349810880e+03
-2.090931037852458758e+03
-2.091500158586341058e+03
-2.092402351608847312e+03
-2.092007263535703714e+03
-2.092581442320694805e+03
-2.093002119058711287e+03
-2.093293034452382471e+03
-2.093143417818980197e+03
-2.093467691327167358e+03
-2.093312019577650972e+03
-2.093900607167157887e+03
-2.093994323738678304e+03
-2.093255352778698580e+03
-2.094300996339601170e+03
-2.094316161156545604e+03
-2.094439923515069495e+03
-2.094892765980479908e+03
-2.095047341560141376e+03
-2.095204604954963088e+03
-2.095896456310955273e+03
-2.095983868746427561e+03
-2.095475142065798082e+03
-2.096092005425225125e+03
-2.096180155951525194e+03
-2.096269845920381613e+03
-2.100247770742737885e+03
-2.096909962564367561e+03
-2.097925727262190776e+03
-2.096577856932965460e+03
-2.096845673291581988e+03
-2.097858074429909266e+03
-2.097360681274899889e+03
-2.097496244728803958e+03
-2.097723736273189843e+03
-2.098012510486963947e+03
-2.098474129739897762e+03
-2.098764976274957007e+03
-2.098417412866838731e+03
-2.099020210405057242e+03
-2.099705870356830474e+03
-2.099157496397249815e+03
-2.099424465935705484e+03
-2.100002760429667887e+03
-2.099686137745607539e+03
-2.100359277335728166e+03
-2.100609285410986104e+03
-2.100857576966808210e+03
-2.099887646179901367e+03
-2.100315732472364289e+03
-2.101190146349485076e+03
-2.100938819724817222e+03
-2.100524790937590296e+03
-2.101399743138085341e+03
-2.101504676777527493e+03
-2.101691637231710956e+03
-2.102145648878122756e+03
-2.102150904162190272e+03
-2.103170890676462932e+03
-2.102488438434452291e+03
-2.102456218745940077e+03
-2.102362718701662743e+03
-2.102686050654466271e+03
-2.103460448150606680e+03
-2.103204474685172954e+03
-2.102631124420751348e+03
-2.103902675115325110e+03
-2.103074682251693048e+03
-2.103287410085303236e+03
-2.103061552599667721e+03
-2.104480429456640195e+03
-2.105496243902684000e+03
-2.104354476319213518e+03
-2.104650677595512207e+03
-2.104806839208104520e+03
-2.105010445214624269e+03
-2.104564538793345037e+03
-2.105120475173174782e+03
-2.102589745200772995e+03
-2.105445029119742230e+03
-2.105431849449645142e+03
-2.105197186698657333e+03
-2.105567768831892863e+03
-2.105668960056245851e+03
-2.105161486025972408e+03
-2.106213842160273998e+03
-2.105955700079581220e+03
-2.106006128743817953e+03
-2.106906579635963681e+03
-2.105961929412208065e+03
-2.106465234916330701e+03
-2.091734615020731326e+03
-2.106249374329947841e+03
-2.106708739288059405e+03
-2.107329502642829539e+03
-2.106318327430419231e+03
-2.106359756857693355e+03
-2.108245035792569979e+03
-2.107447008931111213e+03
-2.106901123206882858e+03
-2.107038717106845070e+03
-2.107437377181990087e+03
-2.107598602976362599e+03
-2.107129720650746094e+03
-2.107927563339148037e+03
-2.108130282441388772e+03
-2.108056795503674039e+03
-2.107763473129964041e+03
-2.107721275476287246e+03
-2.108715539267871463e+03
-2.105801780014364340e+03
-2.108056967128054112e+03
-2.108392601833486424e+03
-2.108082189254950208e+03
-2.108081664974629803e+03
-2.108154182473518176e+03
-2.108822148049134285e+03
-2.109008695655764313e+03
-2.108591227933533446e+03
-2.109620691986297516e+03
-2.108625634291413007e+03
-2.109130148819990154e+03
-2.109785715760814583e+03
-2.110390129803474792e+03
-2.110560223040135497e+03
-2.109949968440444081e+03
-2.109596185389454149e+03
-2.110205039515403314e+03
-2.111011850016694098e+03
-2.110863323215311539e+03
-2.110268513834430451e+03
-2.111009430626443191e+03
-2.110960923407354130e+03
-2.111729661811135429e+03
-2.111103558189804971e+03
-2.111176000649281832e+03
-2.111953270085303757e+03
-2.111463715000104912e+03
-2.111642634833813645e+03
-2.111606963459779763e+03
-2.110211590977535252e+03
-2.111067765965499802e+03
-2.111474095026261239e+03
-2.111948936028953540e+03
-2.112243904761149679e+03
-2.112622487231321429e+03
-2.111950740018820397e+03
-2.112318573143512367e+03
-2.099156775621151610e+03
-2.112228735612859509e+03
-2.112558630005743908e+03
-2.112513890645387619e+03
-2.112208366605485480e+03
-2.113718790935733523e+03
-2.112678603243668931e+03
-2.112609374938355359e+03
-2.112793443726830446e+03
-2.111953703315310122e+03
-2.112429344238397334e+03
-2.112509220787742834e+03
-2.112478512875750312e+03
-2.112998512077163468e+03
-2.113768779423556680e+03
-2.114086288768207396e+03
-2.113855411028704111e+03
-2.113907241618769149e+03
-2.113931758065637041e+03
-2.113385387410734893e+03
-2.115688321552524030e+03
-2.114490872888553895e+03
-2.111878542094869772e+03
-2.115812627516066186e+03
-2.113951826150399029e+03
-2.114051824128484895e+03
-2.114736780495024959e+03
-2.114291449372075022e+03
-2.114513372392603287e+03
-2.114201941284974509e+03
-2.114742956293890529e+03
-2.113907959975976610e+03
-2.114736919340967688e+03
-2.114125334000107614e+03
-2.113819222065855683e+03
-2.114238855455227622e+03
-2.114948962663311704e+03
-2.113064778250967265e+03
-2.115185518731638240e+03
-2.116138249491835268e+03
-2.115033206206848263e+03
-2.115430290975906701e+03
-2.114870524375078730e+03
-2.115225564303309511e+03
-2.114075953548449434e+03
-2.114275739494270510e+03
-2.115337549909406789e+03
-2.114608203936764767e+03
-2.114680941141755738e+03
-2.114542855802343183e+03
-2.114792532516174106e+03
-2.114899870373832982e+03
-2.114847949670589969e+03
-2.118800879912172149e+03
-2.115706152713356460e+03
-2.114800448145375867e+03
-2.114283816054085946e+03
-2.115561146634635406e+03
-2.115429491979577051e+03
-2.115790292169188433e+03
-2.114781640993558540e+03
-2.115442946435198337e+03
-2.115310676666101699e+03
-2.115604862543738818e+03
-2.115870714900904204e+03
-2.115926251328267426e+03
-2.114254977072845577e+03
-2.115314416928939409e+03
-2.116138185309737764e+03
-2.116721259193062451e+03
-2.116508337411309640e+03
-2.116173779590805680e+03
-2.116330388819607833e+03
-2.116559340322396110e+03
-2.116201733399585919e+03
-2.116124734050243660e+03
-2.116442508347121020e+03
-2.115790772474829737e+03
-2.116504758655323712e+03
-2.116011442751813320e+03
-2.115250374750764877e+03
-2.115544866227998682e+03
-2.115749508993357722e+03
-2.114784899665938610e+03
-2.116103829560413487e+03
-2.116635238818445032e+03
-2.116742326350778967e+03
-2.117118351265923593e+03
-2.116494722457321132e+03
-2.115507873627585923e+03
-2.117363270759952684e+03
-2.116188081948170748e+03
-2.116315560688253299e+03
-2.120405202873917005e+03
-2.116600753443946815e+03
-2.117203041051976015e+03
-2.117532661060538430e+03
-2.116536337095841191e+03
-2.116729805562983529e+03
-2.118052495505960906e+03
-2.117744426043082512e+03
-2.117186647905268273e+03
-2.117630868475554507e+03
-2.118450714559578046e+03
-2.117410427958035143e+03
-2.117377141924334865e+03
-2.117650782078190787e+03
-2.118038003308181942e+03
-2.118304068428282335e+03
-2.118266163185604910e+03
-2.117884747754577802e+03
-2.117540727587949732e+03
-2.119071885805031343e+03
-2.117485370663978301e+03
-2.117920736821848095e+03
-2.118344304576790819e+03
-2.118226892482459334e+03
-2.118280310716279473e+03
-2.118198521988253560e+03
-2.118191203639274136e+03
-2.119057233555460698e+03
-2.117035111605850943e+03
-2.117822532757815225e+03
-2.118773598861992923e+03
-2.118606429279045642e+03
-2.119068968402729297e+03
-2.118875884002624389e+03
-2.118733013143856624e+03
-2.118697078882596998e+03
-2.119870010033784638e+03
-2.118923832858029982e+03
-2.118182505003399001e+03
-2.118787413869025841e+03
-2.119189021200787010e+03
-2.118753517749795265e+03
-2.119024184017777770e+03
-2.119095014278001145e+03
-2.119137105941794744e+03
-2.119032493641786459e+03
-2.118700787368571127e+03
-2.120079659949275083e+03
-2.119958602870429331e+03
-2.119267065044240553e+03
-2.118422135464823441e+03
-2.118825860892794481e+03
-2.119039724868353460e+03
-2.119179329570874870e+03
-2.119400210228652213e+03
-2.120221511125400866e+03
-2.119545740528741135e+03
-2.119773723082229480e+03
-2.119868954598312939e+03
-2.118789725263923174e+03
-2.120004530854150744e+03
-2.119842730415561618e+03
-2.121172884210341181e+03
-2.119861735872925692e+03
-2.119986942340671703e+03
-2.120280681292861118e+03
-2.120464884497670937e+03
-2.120114007193213183e+03
-2.119703398255614502e+03
-2.119871144480137445e+03
-2.118505194945121730e+03
-2.120143208494245300e+03
-2.120515176899015842e+03
-2.119908979459330567e+03
-2.119695675819343705e+03
-2.120937030719866470e+03
-2.120430448674914715e+03
-2.120682066463073625e+03
-2.120720759809629271e+03
-2.120534463779448288e+03
-2.120464360707325795e+03
-2.121002003899389365e+03
-2.121177649977426427e+03
-2.122387693762279014e+03
-2.121277779935141552e+03
-2.121094891310390722e+03
-2.119692209215335424e+03
-2.120864951366394507e+03
-2.121334502559620432e+03
-2.121144970955909685e+03
-2.122567772455807244e+03
-2.122573586890617207e+03
-2.121612297651907738e+03
-2.120482891448321880e+03
-2.120638008365437599e+03
-2.121765039639877614e+03
-2.121455415967635417e+03
-2.121021088017340844e+03
-2.120652122923357638e+03
-2.122990614970996376e+03
-2.121188771409610581e+03
-2.121238634207093583e+03
-2.121835552251950958e+03
-2.119454643638468497e+03
-2.122376404200922025e+03
-2.122420490161980524e+03
-2.122502971578089273e+03
-2.122655850706094498e+03
-2.122287253547755881e+03
-2.121722521239707930e+03
-2.123027879959133315e+03
-2.122681084902637394e+03
-2.121775175292520544e+03
-2.121396149872628484e+03
-2.121321874316518006e+03
-2.123105179749642502e+03
-2.122929610639135262e+03
-2.122177220636413495e+03
-2.122323751076014560e+03
-2.122049253098062309e+03
-2.122960266287821014e+03
-2.122115838844400514e+03
-2.122499129189154701e+03
-2.121316759225157512e+03
-2.123293658752313149e+03
-2.122967202206050388e+03
-2.121157671316379947e+03
-2.121633560587540160e+03
-2.122052318116726383e+03
-2.123199650880624631e+03
-2.122789642206920234e+03
-2.121930179687678901e+03
-2.122896385379351614e+03
-2.121740408066312284e+03
-2.122560211892064217e+03
-2.123437018097104556e+03
-2.123053652070528642e+03
-2.122559437156831791e+03
-2.122066518014419671e+03
-2.122293207564156091e+03
-2.123249411153441542e+03
-2.122458992503446552e+03
-2.123593014879404109e+03
-2.122950719728746662e+03
-2.121782759727822395e+03
-2.122767746491396792e+03
-2.123010034860052201e+03
-2.122899326762688816e+03
-2.122806687894998959e+03
-2.123092197223874336e+03
-2.122976148329079024e+03
-2.122170490855113258e+03
-2.123072223067093091e+03
-2.123405943554908845e+03
-2.123968581734836334e+03
-2.123160347546054254e+03
-2.122296599062218775e+03
-2.123034351004414930e+03
-2.121446813285659573e+03
-2.123298820189444996e+03
-2.122420210866348953e+03
-2.123121250649645390e+03
-2.123083220705900203e+03
-2.123484042970565042e+03
-2.122162786878033330e+03
-2.123543797205745250e+03
-2.123578667357537597e+03
-2.123519575007697313e+03
-2.124162091607342063e+03
-2.122038869303847605e+03
-2.122984052344735119e+03
-2.123707851856391699e+03
-2.123593285272610501e+03
-2.122689546247127964e+03
-2.123173172861429521e+03
-2.125419215358977908e+03
-2.122402783678305241e+03
-2.122732079346461887e+03
-2.122055316152868727e+03
-2.123134561338838012e+03
-2.123741404336200958e+03
-2.124425149524535300e+03
-2.124149880841983759e+03
-2.124960365442804687e+03
-2.124460247212921331e+03
-2.123141971923846995e+03
-2.125422397379518770e+03
-2.123320930697081167e+03
-2.124692379721065208e+03
-2.123891319569909683e+03
-2.123746561760621262e+03
-2.121996717198372608e+03
-2.124497338417922947e+03
-2.124720930670715006e+03
-2.123884125224647505e+03
-2.124635878550199777e+03
-2.123848443106724517e+03
-2.124478180907504338e+03
-2.124266667893800786e+03
-2.124490840317953825e+03
-2.123396736348768172e+03
-2.121918642272806210e+03
-2.123977240257911944e+03
-2.123457554227312812e+03
-2.124215249247455631e+03
-2.123877954800156203e+03
-2.123771550140178078e+03
-2.123251498709090811e+03
-2.123721046216664035e+03
-2.123918388914922616e+03
-2.123117330826391935e+03
-2.123221242078256182e+03
-2.123467996422205943e+03
-2.123552633205087659e+03
-2.124542169356061095e+03
-2.123437479610007813e+03
-2.122286172080783672e+03
-2.123760803229443809e+03
-2.124136830686509256e+03
-2.123980059495317164e+03
-2.124803219418642584e+03
-2.122904502884307931e+03
-2.122949822517115990e+03
-2.123267042003652477e+03
-2.123793187715340991e+03
-2.124504127526210596e+03
-2.123503664986255899e+03
-2.123341286954057523e+03
-2.123516261283830772e+03
-2.124869142363741958e+03
-2.123701867800781656e+03
-2.124714305634578977e+03
-2.124233011181594975e+03
-2.123915760247597063e+03
-2.123954179765242770e+03
-2.124379829073651763e+03
-2.122592720419396301e+03
-2.123053854440380746e+03
-2.123834599407779478e+03
-2.124884266107242183e+03
-2.124805512399579584e+03
-2.123570265443986955e+03
-2.123203541776314523e+03
-2.123477216036114442e+03
-2.123171236400289672e+03
-2.123666550967844159e+03
-2.123865221048753028e+03
-2.124005954922482488e+03
-2.123557720705141492e+03
-2.124607943661888385e+03
-2.122220280699544219e+03
-2.123798139707498194e+03
-2.123830880753087513e+03
-2.122865367260038056e+03
-2.124172913387814333e+03
-2.122958305233193641e+03
-2.124843522730296172e+03
-2.123007906009343969e+03
-2.123409417798744471e+03
-2.123239272023876310e+03
-2.123313519123068090e+03
-2.122985850755825140e+03
-2.123120846952915599e+03
-2.123753538404369920e+03
-2.123163830662915643e+03
-2.122947054382033002e+03
-2.123246739622294626e+03
nan
nan
nan
nan
nan
nan
nan
nan
nan
nan
nan
nan
nan
nan
nan
nan
nan
nan
nan
nan
nan
nan
nan
nan
nan
nan
nan
nan
nan
nan
nan
nan
nan
nan
nan
nan
nan
nan
nan
nan
nan
nan
nan
nan
nan
nan
nan
nan
nan
nan
nan
nan
nan
nan
nan
nan
nan
nan
nan
nan
nan
nan
nan
nan
nan
nan
nan
nan
nan
nan
nan
nan
nan
nan
nan
nan
nan
nan
nan
nan
nan
nan
nan
nan
nan
nan
nan
nan
nan
nan
nan
nan
nan
nan
nan
nan
nan
nan
nan
nan
nan
nan
nan
nan
nan
nan
nan
nan
nan
nan
nan
nan
nan
nan
nan
nan
nan
nan
nan
nan
nan
nan
nan
nan
nan
nan
nan
nan
nan
nan
nan
nan
nan
nan
