-2.121411003890433676e+03
-2.121411003890433676e+03
-2.121411004053672514e+03
-2.121411004093210977e+03
-2.121411004076387144e+03
-2.121394288953174510e+03
-2.121415979246210100e+03
-2.121474717466279344e+03
-2.121474717476729893e+03
-2.121460004814774493e+03
-2.121474137431291183e+03
-2.121453018717936629e+03
-2.121396601352701964e+03
-2.121356216576340103e+03
-2.121506112374590884e+03
-2.121883188803089070e+03
-2.121866661490706065e+03
-2.121880671583993262e+03
-2.121887210328972287e+03
-2.121883812083508474e+03
-2.121503305686089334e+03
-2.121535830008152971e+03
-2.121885800347522036e+03
-2.122141072832857844e+03
-2.122111775323763595e+03
-2.122149456094321522e+03
-2.122165309765837719e+03
-2.122230047018913410e+03
-2.122052286368762452e+03
-2.122052915894805665e+03
-2.122242312730959384e+03
-2.122244206598425990e+03
-2.122272522185558500e+03
-2.122332954354271351e+03
-2.122308752371075116e+03
-2.122141213343031268e+03
-2.122366911003932728e+03
-2.122383724737083412e+03
-2.122349926463741667e+03
-2.122069584019885497e+03
-2.122339016291949974e+03
-2.122220446447225186e+03
-2.122373564894375704e+03
-2.122186801994233065e+03
-2.122566752341024767e+03
-2.122528916947632297e+03
-2.122508050209451994e+03
-2.122238416290948862e+03
-2.122413424013549502e+03
-2.122375308578168188e+03
-2.122540675104278307e+03
-2.122383983431448542e+03
-2.122507140479758164e+03
-2.122366609652461648e+03
-2.122552023031101726e+03
-2.122356689286524215e+03
-2.122520461890072511e+03
-2.122482417588424596e+03
-2.122532973305983433e+03
-2.122414873858740975e+03
-2.122488972964948971e+03
-2.122334427475822395e+03
-2.122579039053473025e+03
-2.122463672614555890e+03
-2.122551787541362046e+03
-2.122553491713066251e+03
-2.122550289699115183e+03
-2.122460413365372006e+03
-2.122517856632433904e+03
-2.122289386957961142e+03
-2.122566137394950601e+03
-2.122465813176589108e+03
-2.122508672492181631e+03
-2.122590169043785863e+03
-2.122572521946269717e+03
-2.122573032864246670e+03
-2.122563381081796251e+03
-2.122290733997969255e+03
-2.122542425446525613e+03
-2.122360125163254452e+03
-2.122570240472959540e+03
-2.122473624556442246e+03
-2.122785867030268946e+03
-2.122517183920597745e+03
-2.122785867430292001e+03
-2.122492654953439796e+03
-2.122807696101693637e+03
-2.122667905556640562e+03
-2.122807696617108832e+03
-2.122737480088695520e+03
-2.122777825896076592e+03
-2.122706327962012892e+03
-2.122766123872573644e+03
-2.122643180752451826e+03
-2.122812421917496067e+03
-2.122752497373509868e+03
-2.122811416429384280e+03
-2.122652585554543293e+03
-2.122805978715415677e+03
-2.122402571176719903e+03
-2.122795746694408990e+03
