-8.506006695950492968e+00
4.997975051283487957e+00
8.035094140995253653e-01
2.121224508696787581e+00
-1.636571915945807865e+00
7.451037552401257313e-01
8.046633218972807811e+00
2.109632806153043827e+00
-1.905417010345232365e+00
9.970172112295803135e-01
2.793666044016020478e-01
4.087219183474256057e-01
2.492802963564982183e-02
8.066629396418895093e-01
-3.349856776397754032e+00
1.256329221189152356e+00
4.493653249203422018e-01
4.271764044895805523e-01
-4.192750673899660052e-01
-1.479356588237034364e-01
2.772906185048115368e+00
1.425614349706905148e+00
3.330511337709490594e+00
9.007025657416228848e-01
-2.160490184831304894e-01
3.340598694707067051e-01
1.087992389508141977e-01
4.639424184212469215e-02
5.721104209361700665e-02
1.284859854696463799e+00
-3.298234963592093782e-01
6.331755681036125294e-01
1.648451826977033463e-01
1.412413810385752810e-01
-2.269241922333328498e-01
-4.193799641994186422e-02
2.288688048093638461e+00
1.376153965653515554e+00
3.582815101777247491e-01
9.278116997217024098e-01
8.961974987763573486e-01
9.536475628724181419e-01
5.241448409953208820e-01
1.717395321561117627e-01
-2.976167570089477410e-01
1.810522535421712265e+00
5.161928306464067528e-01
5.593267381428812524e-01
3.165558018261362516e+00
-3.183351507993322782e-01
-2.727677724892274558e+00
5.978842187867308144e-01
-1.045314177105449049e+00
4.975135239863373027e-01
8.542605537280741068e-02
-1.885946530824191836e-01
3.397920922783606024e-01
8.345233685704146753e-02
7.239415268395886782e-01
6.855296110088447969e-01
7.303649579627276012e-01
4.471304062363321008e-01
-4.635409117076671470e-01
1.716772647336388402e-01
8.449217461488798264e-01
6.533259323077462710e-01
-1.019240041479967246e-01
6.400804187537983969e-01
7.041134064487739042e-02
7.215280598813038626e-01
7.762650476631112462e-02
-2.197446577081853258e-01
4.426896884179674641e-01
1.272365139953972601e+00
3.055613258721002756e-01
2.147647082784505668e-01
9.719104016078534691e-01
3.277614256304270945e-01
6.708441913200847706e-01
3.900840683952907506e-01
-5.447891198568052262e-01
1.586515210589152236e+00
-1.815011143028125440e-01
1.052664055997092341e+00
-5.983562215449637206e-02
6.425202076462534218e-02
3.581673108051743881e-01
-4.966940057196321534e-02
