1.476771979453169292e+00
4.079181917493640008e-01
-1.626210972128404042e-01
2.060623135519667245e-03
3.479237941793459910e-01
9.848344819704205055e-02
2.786162416618683801e-01
4.950342918637862799e-01
9.856530940681312858e-01
2.687433575594758928e+00
2.126304815047354690e+00
2.775278967889435733e-01
-7.208881114791629852e-01
2.062786337814978221e+00
-4.108990968884864148e-01
2.087228754131653208e+00
8.165337742885293848e-02
-1.051761407468407433e-01
8.659858980892001790e-02
-2.576007363541074624e-01
3.343142749720642293e-01
1.673611919775414902e+00
1.091948151354914520e+00
5.698812951477402189e-01
1.659194494218029670e+00
2.726974392589309182e-01
3.241025303330088286e-02
2.612589706855752980e-01
9.111363785110190294e-01
2.741721311704242492e+00
1.159634005935181289e+00
-4.176121706182479021e-01
2.741911610596957871e+00
1.579696530561575329e+00
-1.569493449534519747e-01
-3.302972722802442473e-01
4.515456426892525688e-01
1.354457937431225778e+00
1.465353099847055862e+00
4.527850971412424319e-01
2.063175046593681561e+00
3.356907523244970909e-02
5.327723235967769533e-01
3.261314114730585745e-01
1.683974392707207501e+00
1.418745713989231216e+00
1.446445773189186879e+00
8.579703221732118967e-01
4.109123366080820738e-01
-1.980989179282180990e-01
-3.767276983546549163e-01
-5.432788006284682003e-02
-2.292552280510154195e-01
2.318659804745890618e+00
4.128405339671054608e-01
-1.839976688440240205e-01
5.692958652771348133e-02
-1.278455209367562295e+00
2.236684432634271358e-01
2.722810852209138210e-01
-2.695499875871553708e-01
3.476338027190022384e-01
2.662941119076784435e+00
4.514796913618712715e-01
-1.826295119796230715e-01
4.362598448596491374e-01
-4.150710623766302315e-02
1.306137240317393478e-01
4.983888749728239143e-01
-2.056245240229593874e-01
3.348695439809591390e-01
-4.436824001834999698e-01
3.306870057273721408e-01
7.869498241916984549e-01
-4.129522771995801089e-01
-4.485160321924512306e-01
5.806984204009453254e-01
6.067676443017001597e-01
8.475139849460610053e-01
1.255541864754803782e+00
1.034477416878536671e+00
9.784538054507189164e-01
3.381177944574658562e-02
2.978432819017610145e-01
-2.460531424047774918e-01
3.050057505538852909e-01
2.986245290614281817e-02
1.660441879397267284e+00
