1.417017731576380335e+00
7.203230784703291700e-01
1.500105212688727541e+00
-1.976604876761313134e-01
-1.415455055048660649e+00
-1.871181635956415401e-01
1.686448579902285694e+00
-5.777049116124328698e-01
8.965148959663178374e-01
1.033515625365337254e+00
-7.714227517782823451e-02
-6.703578327608535892e-01
8.831006147346683877e-01
-6.503267777153595164e-01
1.494613892306716485e+00
2.883315884989729461e-01
1.382907213442094108e+00
1.612978613163898345e+00
-4.973076651541242371e-02
9.000457985972757369e-01
1.672635985179878604e-01
1.261403118211698482e+00
-3.668912478423503876e-01
7.368456588716597588e-01
7.343996748680527986e-01
2.003178397743898387e+00
2.093354994241375389e-02
-3.800133795857831287e-01
-1.094157006760067219e+00
8.756516109431576877e-01
1.788630612071419490e+00
4.210982649719988147e-01
9.579726137439105171e-01
1.627573534398414276e-02
2.162309060969451746e+00
5.313949248795084568e-01
5.155372662774705406e-01
3.320399438872350673e-01
2.025000895410072665e+00
2.675893420710831472e-01
2.287222319538257498e+00
1.737820439567421493e+00
9.286979305577807153e-01
1.995161197927320940e+00
1.043895545962959970e+00
1.962136182149131214e+00
2.922668330745887832e-01
8.955141142885787442e-01
-6.798355072060840998e-02
6.649596964250590325e-01
2.519592471468575123e+00
6.754059172941788702e-01
2.211637543385470472e+00
7.655901039474994896e-01
1.995313378398588799e+00
1.370349394421336520e+00
-1.731858551651775657e-01
-1.169787446328374725e-01
4.742973150629375412e-01
1.019532145223109032e-01
-4.129298216425027479e-01
6.492798290834896902e-01
1.696290203292095455e+00
1.088021571407143506e+00
3.771260815522315402e-01
9.117564152912823738e-01
1.670549038753124993e+00
2.134094797547656519e+00
1.509177568910082812e+00
2.000307521689575818e+00
3.200482313698607140e-01
-4.558132638008827175e-01
8.159551427712319338e-01
3.053347375414248721e-01
2.396990315315740361e+00
5.920986990109913251e-01
2.463269201172121114e+00
-1.877424014132014207e-01
9.501200193410753725e-01
3.553743239651536157e-01
2.730147904389367275e-01
1.559063269436941901e-01
8.467779968016045933e-01
3.311235681794006958e-01
1.770349761405013433e+00
2.897333113655668146e+00
9.280827577426513653e-01
2.944073219455658474e+00
1.157922518879640039e+00
1.048511159601171139e+00
4.418540293869770430e-01
1.475417557606747199e+00
1.801507403883290670e-01
1.246889917617266183e-02
3.762592115083820965e-01
1.522056039559968321e-01
2.403800569268277787e+00
1.717451993613022365e+00
-9.244117700315003516e-02
1.119482035440972467e+00
-2.355938149850284880e-01
2.445785115353214245e-01
1.601131591621088868e+00
1.210674334893978021e-01
1.737554367722134341e+00
2.038682859693117244e+00
4.941725489357252088e-01
2.142970582576454674e+00
3.022462371316094742e-01
1.716332194384158516e+00
5.600491202739853458e-01
-2.814848262744288135e-02
1.008156694831076949e+00
2.120265200411700857e+00
-1.358299265591859928e-01
2.063665510207004505e-01
1.042911760133339749e+00
8.354598381109941130e-01
1.711845722558440919e+00
1.173007767757628245e-01
1.019913453229189138e+00
1.043048293400717474e+00
-7.600336970153659388e-02
1.689877049590535751e-01
1.884939428420064012e+00
3.742818860522550972e-01
1.196837197107657014e+00
2.202769620473906453e+00
-3.549743905975178970e-01
-6.763664959707665902e-01
2.085899514960118051e+00
2.111157779368285414e+00
1.705675837810826767e+00
7.974224316707569926e-01
2.311734036056081187e+00
1.152537917331132311e-01
6.284427374064229799e-01
5.262390302433510303e-02
1.869101197983634943e+00
7.013874610326483738e-01
1.545824729183517210e+00
-8.658324262538951155e-01
5.604007231227285946e-01
6.220774353868455675e-01
9.749344449366194321e-02
6.333302298955821585e-02
1.811197803471949197e-01
2.642395385377701578e-01
1.524137802803714914e+00
1.095291179593310016e+00
6.024679846997384874e-02
9.532041789994634140e-01
2.069034440833320776e+00
1.030781520068152268e+00
1.262557861825620131e+00
1.793920207627318630e+00
1.331579728197928469e+00
3.308677140749468615e-01
4.661068821165452736e-01
5.669471551173239643e-01
-6.433713501799285250e-01
8.941474088209170334e-01
1.186400653940896111e-01
1.493161754274138442e+00
6.604622279323142386e-01
5.255192438969152890e-01
2.870951846624864370e-02
4.440353646698384504e-01
4.450127732419234539e-01
1.013731717453451725e-01
1.003057603442289336e+00
2.573785099339406468e+00
1.055227574864987306e+00
7.516294895657475994e-01
1.551973508834100457e+00
1.365907245106427137e+00
1.033648036557891947e+00
-2.094641319301211169e-01
1.508986294638641645e+00
2.772446052405256323e-01
5.870518182984201250e-01
-2.033274967905518704e-01
9.515834452488584061e-01
-1.312968360272106227e-01
2.539903318537153343e-01
7.535771470428914709e-01
9.712253288018837249e-01
4.114188038141468051e-01
4.248860679363452020e-01
8.815656942873699720e-01
1.677424523972441406e-01
-1.563724137123203850e-01
1.743106666490119139e+00
1.968588105915641817e+00
9.268004618351007862e-01
9.337391089051028104e-01
3.940408329944668497e-01
1.752153947059653438e+00
5.675918261793782005e-01
9.522633475797458447e-01
2.341985827989063296e+00
8.268050477901607298e-01
8.773371527482944909e-01
5.741451685554969098e-01
4.847039071865477111e-01
1.411489639566426424e-01
5.787115691742850121e-01
7.048343004700380332e-01
2.166122603385503886e+00
2.919836518947609871e+00
8.118307431834248522e-01
2.814572875128298346e+00
9.838126598657748190e-02
-1.016442258051426240e-01
6.619715774144087073e-01
3.808746825114089352e-01
2.016907180141781275e+00
1.058474307469015718e+00
-1.735683592687548571e-01
1.031309248055715999e+00
