-2.120966187436770724e+03
-2.120966183372572232e+03
-2.120966179636824563e+03
-2.120966183597079635e+03
-2.120966184647861155e+03
-2.120966183761873253e+03
-2.120966184042431451e+03
-2.120752455254460074e+03
-2.120966189703926830e+03
-2.120966183792515494e+03
-2.120966187700369119e+03
-2.120966189234069589e+03
-2.120966189175347608e+03
-2.120966186886631021e+03
-2.120966191138944851e+03
-2.120966187446618278e+03
-2.120966919673390294e+03
-2.120783928197443856e+03
-2.120966922824427911e+03
-2.120966771447686824e+03
-2.120966919474084989e+03
-2.120966918439538404e+03
-2.120966918207157050e+03
-2.120966919208936815e+03
-2.120966918205978345e+03
-2.120966918986347537e+03
-2.120965430063538406e+03
-2.121008021534620184e+03
-2.120977625632558556e+03
-2.120738977692224580e+03
-2.121008021412454582e+03
-2.121007921074914975e+03
-2.121008025118881505e+03
-2.121008019905301353e+03
-2.121008019728941235e+03
-2.121008020422834306e+03
-2.121008771178944698e+03
-2.120969638835265414e+03
-2.121017665524204403e+03
-2.120822344416363649e+03
-2.121017847187025836e+03
-2.121017610150583096e+03
-2.121017848647674782e+03
-2.121017976169487611e+03
-2.121017974545837660e+03
-2.121017976852756419e+03
-2.121018421707982725e+03
-2.121019865465088515e+03
-2.121012738875578634e+03
-2.121138272379886530e+03
-2.121047908336635828e+03
-2.120789022502779972e+03
-2.121138567222444635e+03
-2.121137766529383498e+03
-2.121138569520013334e+03
-2.121138697072926334e+03
-2.121138699215802262e+03
-2.121138699222500691e+03
-2.121137644510065002e+03
-2.120999795082055243e+03
-2.121169565666183644e+03
-2.120922656335493230e+03
-2.121168976103037949e+03
-2.121168062811107120e+03
-2.121169629578539571e+03
-2.121170013966479473e+03
-2.121170012264469278e+03
-2.121170032032899144e+03
-2.121171498768046149e+03
-2.121180018774901782e+03
-2.121175849119513259e+03
-2.121372394513517975e+03
-2.121251708114298708e+03
-2.121077756605391187e+03
-2.121372429985434792e+03
-2.121371232930718179e+03
-2.121372455901907870e+03
-2.121372677481387655e+03
-2.121372682631813859e+03
-2.121372654271975989e+03
-2.121369335224213955e+03
-2.121123272910355354e+03
-2.121469222152260500e+03
-2.121315167231503438e+03
-2.121492400051542063e+03
-2.121518338329547532e+03
-2.121518589878422517e+03
-2.121518888199234425e+03
-2.121518875605544054e+03
-2.121518995704387180e+03
-2.121519573552331622e+03
-2.121527224221087636e+03
-2.121531908493944229e+03
-2.121641215416640080e+03
-2.121503121229066437e+03
-2.121298650177442596e+03
-2.121619548996955473e+03
-2.121585949962517589e+03
-2.121641476795741255e+03
-2.121641822505850996e+03
-2.121641803186204925e+03
-2.121641872504115781e+03
-2.121600158993641344e+03
-2.121457304517311059e+03
-2.121718583388649677e+03
-2.121647190010198756e+03
-2.121806505798653234e+03
-2.121903390390059030e+03
-2.121901580997343444e+03
-2.121904308138199212e+03
-2.121904254801661409e+03
-2.121904719078400376e+03
-2.121904098849313868e+03
-2.121922498274689133e+03
-2.121921368396215257e+03
-2.121929107152047891e+03
-2.121807665410560730e+03
-2.121637214955042509e+03
-2.121920450276385054e+03
-2.121877592287899915e+03
-2.121930172449648580e+03
-2.121928894019210475e+03
-2.121930198220048624e+03
-2.121930646883504323e+03
-2.121864411072146595e+03
-2.121880870866400983e+03
-2.121956758415750301e+03
-2.121928934118373490e+03
-2.122008534106488696e+03
-2.122078861595316539e+03
-2.122072146313482335e+03
-2.122069186574596642e+03
-2.122078921208266365e+03
-2.122078926627825695e+03
-2.122080002640653674e+03
-2.122123208095767041e+03
-2.122145586161014762e+03
-2.122074572053454176e+03
-2.122110165114641404e+03
-2.121960306089497863e+03
-2.122149414062661890e+03
-2.122123856592254469e+03
-2.122149664464725902e+03
-2.122147702378156282e+03
-2.122149925773238920e+03
-2.122150443273768360e+03
-2.122084207315684125e+03
-2.122099258827772246e+03
-2.122129376928465263e+03
-2.121928884127592482e+03
-2.122127239859960810e+03
-2.122198732265827857e+03
-2.122186135717573507e+03
-2.122183810443565108e+03
-2.122199373575018399e+03
-2.122199589552487851e+03
-2.122200109847525255e+03
-2.122236825167019560e+03
-2.122314450016599494e+03
-2.122250850483322210e+03
-2.122313003317482071e+03
-2.122182237977853219e+03
-2.122298780887760586e+03
-2.122293450894723264e+03
-2.122313638064079896e+03
-2.122295100388843366e+03
-2.122314849772966227e+03
-2.122315155708173279e+03
-2.122290123648175268e+03
-2.122289781184820640e+03
-2.122212192064403553e+03
-2.122069607366807304e+03
-2.122326291843608487e+03
-2.122468983751211454e+03
-2.122458457198510587e+03
-2.122444854080602909e+03
-2.122469607947053646e+03
-2.122476460980876709e+03
-2.122474943385868755e+03
-2.122468857492773168e+03
-2.122520844980606398e+03
-2.122468913359380167e+03
-2.122494434813418593e+03
-2.122372083229503005e+03
-2.122473877597223236e+03
-2.122448835354907260e+03
-2.122516492726337219e+03
-2.122490606911591840e+03
-2.122521956324002986e+03
-2.122521105218029334e+03
-2.122509997021837080e+03
-2.122514174272850141e+03
-2.122424985735764039e+03
-2.122317171582350966e+03
-2.122525512069227261e+03
-2.122646561263794410e+03
-2.122640840561974528e+03
-2.122627252045152545e+03
-2.122646379178442658e+03
-2.122657869203569589e+03
-2.122631810591169142e+03
-2.122613624871886714e+03
-2.122684453575634052e+03
-2.122655319400952067e+03
-2.122661314420880444e+03
-2.122589570003915469e+03
-2.122648478474746298e+03
-2.122621870442971613e+03
-2.122668729506955970e+03
-2.122643200491308107e+03
-2.122685484192213607e+03
-2.122686137487615724e+03
-2.122681630807919191e+03
-2.122699391836213636e+03
-2.122648419184801696e+03
-2.122579889092999565e+03
-2.122679743157933899e+03
-2.122645044072899054e+03
-2.122704695243985498e+03
-2.122672647397940636e+03
-2.122704324322797220e+03
-2.122705647784894609e+03
-2.123226457776439020e+03
-2.123442218352511645e+03
-2.123396620885114316e+03
-2.123442215282425423e+03
-2.123148177159997886e+03
-2.123442217503314168e+03
-2.123402701624614565e+03
-2.123442226878186830e+03
-2.123240456186795655e+03
-2.123442225952266654e+03
-2.123450735507798072e+03
-2.123450741250332612e+03
-2.123435204101458112e+03
-2.123450749397072286e+03
-2.123447998172200187e+03
-2.123450751390243113e+03
-2.123446632407969901e+03
-2.123450735802719009e+03
-2.123442965313894092e+03
-2.123450748609847778e+03
-2.123448558537387726e+03
-2.123450755961736377e+03
-2.123448176698419502e+03
-2.123450744951918750e+03
-2.123447639378426629e+03
-2.123450764310008708e+03
-2.123446878845982610e+03
-2.123450749383776383e+03
-2.123445625850807119e+03
-2.123449245594503736e+03
-2.123443351616139353e+03
-2.123450222594792194e+03
-2.123436283970482691e+03
-2.123450766344784370e+03
-2.123459985363027499e+03
-2.123459984372928375e+03
-2.123192764865408662e+03
-2.123459982805652089e+03
-2.123447658434738514e+03
-2.123459985978401619e+03
-2.123452561835470078e+03
-2.123459981456105197e+03
-2.123456183342992972e+03
-2.123460952240754978e+03
-2.123497188253236800e+03
-2.123507982402142261e+03
-2.123506828568144556e+03
-2.123508033425508529e+03
-2.123506746223409209e+03
-2.123518035152084394e+03
-2.123461832347809832e+03
-2.123517606807741686e+03
-2.123509949412119568e+03
-2.123518058696747175e+03
-2.123235448649104001e+03
-2.123518062317095428e+03
-2.123315141393438353e+03
-2.123517889356267460e+03
-2.123497179940100068e+03
-2.123518068704095640e+03
-2.123510236620645173e+03
-2.123243991009509955e+03
-2.123528840289433901e+03
-2.123525798000924169e+03
-2.123534885644859514e+03
-2.123534914607135306e+03
-2.123527131010601806e+03
-2.123534909490127120e+03
-2.123530954349814692e+03
-2.123534674257294682e+03
-2.123520673881414041e+03
-2.123543591034707788e+03
-2.123476951391484363e+03
-2.123543973260949770e+03
-2.123485570034544253e+03
-2.123266869954041795e+03
-2.123191174656299609e+03
-2.123543976443812880e+03
-2.123558718532330658e+03
-2.123557372881635729e+03
-2.123560756807662983e+03
-2.123560752353989301e+03
-2.123565086267769857e+03
-2.123560700400242240e+03
-2.123570571409691183e+03
-2.123570579387833732e+03
-2.123453760367789073e+03
-2.123571696504713600e+03
-2.123488990507697054e+03
-2.123571677876604099e+03
-2.123500521427698004e+03
-2.123572239000636273e+03
-2.123534095514134606e+03
-2.123571504253724925e+03
-2.123513766244853741e+03
-2.123570652675969995e+03
-2.123555284257271524e+03
-2.123572264829606866e+03
-2.123517176848381496e+03
-2.123570462129016505e+03
-2.123203831960505340e+03
-2.123572257507541963e+03
-2.123569641884617795e+03
-2.123572200163921480e+03
-2.123550912580198656e+03
-2.123573238104811026e+03
-2.123564325600301800e+03
-2.123573044551862495e+03
-2.123267878171314351e+03
-2.123573962989959455e+03
-2.123520108569278818e+03
-2.123573948669909441e+03
-2.123547582612759470e+03
-2.123573482900200815e+03
-2.123570838704612470e+03
-2.123573851929624652e+03
-2.123573532288927709e+03
-2.123572107327779122e+03
-2.123574050580540643e+03
-2.123589417356969989e+03
-2.123561203870128338e+03
-2.123588647861774007e+03
-2.123277086562308341e+03
-2.123589398863980477e+03
-2.123585662859136846e+03
-2.123589407957859748e+03
-2.123586359618976985e+03
-2.123590132004597308e+03
-2.123577382607530581e+03
-2.123590480155878595e+03
-2.123585372419797750e+03
-2.123590857118382701e+03
-2.123590269006444942e+03
-2.123590923245674276e+03
-2.123590337727408041e+03
-2.123578126967529442e+03
-2.123430669948143077e+03
-2.123589331219880933e+03
-2.123263244789435248e+03
-2.123592407496958913e+03
-2.123581687012308521e+03
-2.123590765219929381e+03
-2.123577859924184395e+03
-2.123592422287913905e+03
-2.123586129525781871e+03
-2.123592411785766217e+03
-2.123593818422297772e+03
-2.123593713516079788e+03
-2.123578337856306007e+03
-2.123593518333696920e+03
-2.123586394332935470e+03
-2.123593665921842785e+03
-2.123592615443651084e+03
-2.123593911945944910e+03
-2.123590764117347135e+03
-2.123593814531308453e+03
-2.123592367812649172e+03
-2.123562334078171716e+03
-2.123402388551427975e+03
-2.123593449706876072e+03
-2.123573370228195472e+03
-2.123593606242523492e+03
-2.123591799167581485e+03
-2.123595420407289112e+03
-2.123371301783381568e+03
-2.123595457597879886e+03
-2.123590304046092569e+03
-2.123595406831192577e+03
-2.123560781558888266e+03
-2.123595060925750658e+03
-2.123592596974748176e+03
-2.123595270088636425e+03
-2.123561483129009503e+03
-2.123584106186365261e+03
-2.123336276472808095e+03
-2.123595187846612589e+03
-2.123577877469495434e+03
-2.123595337719242252e+03
-2.123577093064755445e+03
-2.123595540236103261e+03
-2.123593428899751871e+03
-2.123595492235948768e+03
-2.123592928154735091e+03
-2.123595194503488983e+03
-2.123590546059326698e+03
-2.123594620406076956e+03
-2.123580477148571845e+03
-2.123584077787091246e+03
-2.123497747819082178e+03
-2.123594393115008188e+03
-2.123571252760128573e+03
-2.123591492942718105e+03
-2.123582738024604168e+03
-2.123595512461626186e+03
-2.123566267167902424e+03
-2.123595117770576053e+03
-2.123594629338384948e+03
-2.123595534884117114e+03
-2.123594059241228479e+03
-2.123595519306265942e+03
-2.123595388931931211e+03
-2.123577345892374979e+03
-2.123438779889143461e+03
-2.123594730924981832e+03
-2.123591514366013143e+03
-2.123596339125174381e+03
-2.123595581265517012e+03
-2.123595898617695184e+03
-2.123595113071528885e+03
-2.123596559629862895e+03
-2.123504243464128649e+03
-2.123596423825994407e+03
-2.123594345330268425e+03
-2.123596628259408135e+03
-2.123583051533257276e+03
-2.123597250845164126e+03
-2.123595777747563716e+03
-2.123597339802063743e+03
-2.123596210338718720e+03
-2.123597388461941136e+03
-2.123408242349330521e+03
-2.123546006318723812e+03
-2.123376748165749632e+03
-2.123457905335995747e+03
-2.123497313288071382e+03
-2.123492207653385776e+03
-2.123313531295517805e+03
-2.123597391118446467e+03
-2.123586593951266877e+03
-2.123597391967036401e+03
-2.123293803807481254e+03
-2.123597368767718763e+03
-2.123534165908216437e+03
-2.123597369170171987e+03
-2.123543136300514561e+03
-2.123585644638331360e+03
-2.123587706278237874e+03
-2.123600490477871062e+03
-2.123603625435564027e+03
-2.123604036712733432e+03
-2.123603565878471272e+03
-2.123604051136325779e+03
-2.123602300399628803e+03
-2.123604055801931281e+03
-2.123597145905695015e+03
-2.123604034912343195e+03
-2.123599632954422759e+03
-2.123604067483027393e+03
-2.123602419329431086e+03
-2.123604057817963621e+03
-2.123605728167599864e+03
-2.123605731362498318e+03
-2.123605550007797774e+03
-2.123605728564190940e+03
-2.123585967725319279e+03
-2.123605750511786027e+03
-2.123608686681825475e+03
-2.123608681515983335e+03
-2.123609269731238783e+03
-2.123609287356549430e+03
-2.123604205733169238e+03
-2.123609564798224255e+03
-2.123598885326261552e+03
-2.123609563773365153e+03
-2.123603555562338443e+03
-2.123609560910037544e+03
-2.123609501302307308e+03
-2.123609568391457287e+03
-2.123603823891512093e+03
-2.123609253713585531e+03
-2.123569188881162518e+03
-2.123610249893200034e+03
-2.123583972009971603e+03
-2.123610366759221051e+03
-2.123575605576602811e+03
-2.123610494332926464e+03
-2.123584426734532826e+03
-2.123609613286243984e+03
-2.123638225433634489e+03
-2.123638405671655164e+03
-2.123406164776335572e+03
-2.123638488207463979e+03
-2.123618583242520799e+03
-2.123638491549644641e+03
-2.123470662901173455e+03
-2.123638486789164745e+03
-2.123457973016730648e+03
-2.123637369324341307e+03
-2.123616061249746963e+03
-2.123639516393888243e+03
-2.123589835967160980e+03
-2.123638719734927236e+03
-2.123597249232601825e+03
-2.123638262775959902e+03
-2.123631006281875216e+03
-2.123638232772199899e+03
-2.123640347635431681e+03
-2.123641676013296092e+03
-2.123633930902264638e+03
-2.123641452742194360e+03
-2.123623742029314599e+03
-2.123641482207282934e+03
-2.123635539555020841e+03
-2.123641688152360075e+03
-2.123630241114843557e+03
-2.123642528535389374e+03
-2.123635467898337083e+03
-2.123641880655142813e+03
-2.123638628703341510e+03
-2.123642479104326412e+03
-2.123636900999417321e+03
-2.123642079801899854e+03
-2.123607689695277713e+03
-2.123644813713013264e+03
-2.123634930219398939e+03
-2.123644834979080770e+03
-2.123410921167197102e+03
-2.123644796030996076e+03
-2.123387151893195096e+03
-2.123638149085513305e+03
-2.123421844109535868e+03
-2.123644889103975402e+03
-2.123467430970328223e+03
-2.123644953648327373e+03
-2.123619067025059394e+03
-2.123644716860066637e+03
-2.123634536937760913e+03
-2.123644070563547302e+03
-2.123637037247113312e+03
-2.123645411796275312e+03
-2.123639043126142496e+03
-2.123645638911898914e+03
-2.123641577306657837e+03
-2.123644494863687214e+03
-2.123641207175294312e+03
-2.123645687882279617e+03
-2.123645582185918101e+03
-2.123645662748893301e+03
-2.123645298101447679e+03
-2.123645824717509186e+03
-2.123645185278255212e+03
-2.123646169935355374e+03
-2.123645986366595025e+03
-2.123646232689764474e+03
-2.123644262066956799e+03
-2.123646211748745372e+03
-2.123644488537139750e+03
-2.123645687352506684e+03
-2.123633243600346304e+03
-2.123645137642739883e+03
-2.123641415832660186e+03
-2.123646207168748333e+03
-2.123642401594362127e+03
-2.123646216476553036e+03
-2.123643384128553407e+03
-2.123646003043099881e+03
-2.123613433578867443e+03
-2.123644747210559672e+03
-2.123638144303292393e+03
-2.123645849075216574e+03
-2.123643286934102434e+03
-2.123647037294759230e+03
-2.123645621443348318e+03
-2.123646981243367463e+03
-2.123646284848790856e+03
-2.123647014698731255e+03
-2.123645217254833369e+03
-2.123647040816996650e+03
-2.123646687694224511e+03
-2.123646998831693054e+03
-2.123646019977386004e+03
-2.123646366368100189e+03
-2.123477727459275229e+03
-2.123646934559651982e+03
-2.123463722635464364e+03
-2.123646586323629890e+03
-2.123432942382893998e+03
-2.123646526986683057e+03
-2.123492322619535116e+03
-2.123661586775188880e+03
-2.123547232601103588e+03
-2.123661571488154095e+03
-2.123648203426537293e+03
-2.123659598526841364e+03
-2.123653437160594422e+03
-2.123660352872256226e+03
-2.123586598412054627e+03
-2.123661602692547604e+03
-2.123650790320987198e+03
-2.123661577921995104e+03
-2.123652911262366615e+03
-2.123661615035319755e+03
-2.123655458053636721e+03
-2.123660588724595073e+03
-2.123657632160212870e+03
-2.123662167871194470e+03
-2.123661395340884155e+03
-2.123663274755180737e+03
-2.123662842202181309e+03
-2.123663304553390844e+03
-2.123663313229826599e+03
-2.123663270226317309e+03
-2.123663257600990619e+03
-2.123663316444655266e+03
-2.123663272714041796e+03
-2.123662928527459826e+03
-2.123659639978795894e+03
-2.123662890332206644e+03
-2.123558166587154574e+03
-2.123664232252873262e+03
-2.123593835694752670e+03
-2.123663626617087630e+03
-2.123660695987810413e+03
-2.123664105726342768e+03
-2.123621379695975975e+03
-2.123664294160393638e+03
-2.123661424163935862e+03
-2.123664313753140505e+03
-2.123662368433491338e+03
-2.123664280366280309e+03
-2.123663360332076991e+03
-2.123664351891064143e+03
-2.123664135158006047e+03
-2.123664316306227647e+03
-2.123663722433164821e+03
-2.123664075744199636e+03
-2.123663362690851500e+03
-2.123664493674320511e+03
-2.123664148211694283e+03
-2.123664520366490706e+03
-2.123664278242881210e+03
-2.123664271523208299e+03
-2.123663758348241117e+03
-2.123663942375995703e+03
-2.123664016550826091e+03
-2.123664881203468667e+03
-2.123664149525383891e+03
-2.123602898841758815e+03
-2.123149955332143691e+03
-2.123607190177620851e+03
-2.123458564525596103e+03
-2.123664912602790537e+03
-2.123405245142063904e+03
-2.123654223925410406e+03
-2.123345530503363989e+03
-2.123665374154643814e+03
-2.123492432590144290e+03
-2.123662960509014738e+03
-2.123631113934736732e+03
-2.123665466011573244e+03
-2.123415625970954352e+03
-2.123665511997537578e+03
-2.123277712882511423e+03
-2.123665528423808610e+03
-2.123624050146413538e+03
-2.123665503529259240e+03
-2.123644851066594128e+03
-2.123665546411966716e+03
-2.123660054528749697e+03
-2.123665552493192081e+03
-2.123661080767002659e+03
-2.123665869637793548e+03
-2.123661967922746499e+03
-2.123665798879099384e+03
-2.123662699968456764e+03
-2.123665761891129478e+03
-2.123665171163643208e+03
-2.123665891552411722e+03
-2.123666643053740700e+03
-2.123666664830521768e+03
-2.123666952447743370e+03
-2.123666973493385285e+03
-2.123666879673097810e+03
-2.123666225305148146e+03
-2.123657310662603777e+03
-2.123666945350479182e+03
-2.123660750496749188e+03
-2.123666948146145387e+03
-2.123660221772059685e+03
-2.123666904550444542e+03
-2.123659662319044855e+03
-2.123666934981604754e+03
-2.123665995663062859e+03
-2.123666327010455461e+03
-2.123653099219473916e+03
-2.123667473848120608e+03
-2.123650196129415235e+03
-2.123667441129419331e+03
-2.123642132944831246e+03
-2.123667277309665678e+03
-2.123655065725478380e+03
-2.123667453058854335e+03
-2.123659173978691342e+03
-2.123667465069845548e+03
-2.123655649390633243e+03
-2.123667340128159594e+03
-2.123654871094853661e+03
-2.123667438177303666e+03
-2.123659701247169778e+03
-2.123654766721286251e+03
-2.123440687762466041e+03
-2.123644284680656710e+03
-2.123537834498108623e+03
-2.123666773451703193e+03
-2.123445729357128130e+03
-2.123654697510839469e+03
-2.123568934264543259e+03
-2.123660371489741920e+03
-2.123651433992815782e+03
-2.123667802175949419e+03
-2.123662642646596851e+03
-2.123667313434152220e+03
-2.123652253634266799e+03
-2.123667769545254941e+03
-2.123668720666964873e+03
-2.123668695765116809e+03
-2.123668092321571294e+03
-2.123670107099976576e+03
-2.123660217717761952e+03
-2.123664727265062538e+03
-2.123655446868204763e+03
-2.123662236760837004e+03
-2.123636146444677252e+03
-2.123671810967348847e+03
-2.123667139989343013e+03
-2.123671046959788328e+03
-2.123665435633099150e+03
-2.123671641883096981e+03
-2.123670568324191663e+03
