-2.121411003922673444e+03
-2.121411003922673444e+03
-2.121411004099166348e+03
-2.121411004042450713e+03
-2.121411004054855312e+03
-2.121394288980679448e+03
-2.121415979291794883e+03
-2.121474717519913156e+03
-2.121474717460355805e+03
-2.121460004795738769e+03
-2.121474137628476910e+03
-2.121453019001333814e+03
-2.121396601473331430e+03
-2.121356216892177599e+03
-2.121506112268706602e+03
-2.121883188494029582e+03
-2.121866660999794021e+03
-2.121880671299665210e+03
-2.121887209975069254e+03
-2.121883811672942556e+03
-2.121503305771158921e+03
-2.121535830014299336e+03
-2.121885799974806105e+03
-2.122141071999345513e+03
-2.122111774661038453e+03
-2.122149455620812660e+03
-2.122165308872034075e+03
-2.122230045924382466e+03
-2.122052285763697000e+03
-2.122052915477016541e+03
-2.122242311589594465e+03
-2.122244205485728344e+03
-2.122272521015180246e+03
-2.122332953181907214e+03
-2.122308751356121775e+03
-2.122141212691897636e+03
-2.122366910072280461e+03
-2.122383724108698516e+03
-2.122349925270978019e+03
-2.122069583203229740e+03
-2.122339015924739670e+03
-2.122220445937606200e+03
-2.122373564517611157e+03
-2.122186801523987924e+03
-2.122566751688161276e+03
-2.122528916316394771e+03
-2.122508049429682160e+03
-2.122238415887627525e+03
-2.122413423554218298e+03
-2.122375308134598072e+03
-2.122540674351421330e+03
-2.122383982794179701e+03
-2.122507139550679767e+03
-2.122366608717377403e+03
-2.122552021795978362e+03
-2.122356688400432176e+03
-2.122520461177505240e+03
-2.122482417099821305e+03
-2.122532972700892515e+03
-2.122414872812978501e+03
-2.122488972365524205e+03
-2.122334426702958353e+03
-2.122579038038225917e+03
-2.122463672112721724e+03
-2.122551786331310723e+03
-2.122553491216005568e+03
-2.122550288995368646e+03
-2.122460412719815395e+03
-2.122517856063167983e+03
-2.122289386255428781e+03
-2.122566136523483692e+03
-2.122465812582694070e+03
-2.122508671886670072e+03
-2.122590168096771777e+03
-2.122572521095966295e+03
-2.122573031758306115e+03
-2.122563380241052528e+03
-2.122290733320512572e+03
-2.122542424619087797e+03
-2.122360124238632125e+03
-2.122570239574024072e+03
-2.122473623612243500e+03
-2.122785865879297944e+03
-2.122517182892922847e+03
-2.122813117933601006e+03
-2.122544477118186933e+03
-2.122813117836955371e+03
-2.122728878192397133e+03
-2.122813118387540271e+03
-2.122683095636737107e+03
-2.122813117463586423e+03
-2.122692658445075267e+03
-2.122830291290815239e+03
-2.122787098346207586e+03
-2.122832032126172635e+03
-2.122827369761713726e+03
-2.122832489529677787e+03
-2.122588511072753136e+03
-2.122823018501334445e+03
-2.122410263825526727e+03
-2.122812812739872243e+03
